682
1044
1849
1155
725
731
792
1616
303
1565
416
964
304
567
1140
6
1875
1823
1409
1837
213
1623
675
1990
670
1808
1752
1078
158
1934
1973
736
188
299
183
649
1115
302
1629
379
751
637
997
711
1951
1472
1972
862
26
216
346
1474
1854
240
725
1432
887
1379
645
465
1478
1902
1376
1209
130
1399
294
1039
1075
1167
1032
407
684
1108
1044
604
616
1561
52
1562
1593
1690
216
250
1661
1931
257
639
1186
1809
416
1314
1036
643
1518
761
1108
433
1181
285
1682
134
1231
267
591
474
1494
635
212
1915
187
1568
1608
1646
1010
687
104
848
382
931
1031
594
1073
1024
1912
1428
775
1991
1049
1344
1060
1930
499
91
987
33
1215
1160
1425
1915
1595
1230
321
1384
589
410
1168
1351
1528
616
580
1132
1213
1390
305
1653
435
73
356
1004
1370
1613
1364
1407
1420
471
197
1743
1093
1589
1902
214
261
1976
158
1180
1619
8
347
1771
916
1705
1627
1266
476
14
550
375
1269
11
1995
1105
1742
1807
1203
1732
517
785
819
478
248
505
1974
1346
808
707
1306
1699
496
624
1881
1523
661
1134
667
396
1662
1513
1466
1487
1253
1377
870
635
1166
190
1674
1345
503
321
415
982
497
189
367
552
1551
982
1901
1348
348
137
627
71
562
1228
908
323
1096
1559
851
1637
1868
691
1915
1909
1361
1026
1089
1502
730
912
1839
574
1448
776
1795
1888
1904
1978
1215
1576
1793
1819
353
1998
1524
861
1158
1280
1365
289
795
1825
1
250
1668
1974
608
1668
1441
1346
725
469
1085
1008
964
866
648
1601
691
645
584
567
1236
942
812
1778
162
984
289
72
1610
1998
296
1706
413
893
264
149
1443
1931
240
1142
1889
216
1440
306
1933
1988
72
1221
914
1713
176
1241
1344
635
202
697
197
325
309
710
1234
1446
1108
522
39
308
671
187
657
95
1911
1506
1797
1921
1327
461
1501
1061
122
466
674
758
992
1253
1338
1257
1941
1468
1525
157
523
1937
1891
1553
1894
1399
456
424
688
416
370
1065
95
942
362
1129
468
505
1369
1773
374
1873
254
1898
1630
1765
1933
560
1427
1619
1145
599
297
0
1797
632
1302
1818
1880
15
949
828
1423
208
415
1074
1976
232
646
670
1500
132
1315
1866
571
1800
291
671
1631
761
974
101
1770
1547
137
1884
657
227
1964
1147
702
404
1685
455
448
1820
1406
342
134
1396
1549
691
876
147
1419
1221
724
1669
1704
604
424
235
1645
1916
447
210
609
845
735
40
192
1105
418
988
1960
1064
1100
358
1894
1377
1740
871
161
274
737
754
1605
1369
143
1562
1732
1700
865
1518
183
1486
1169
339
1115
571
1782
705
1514
1766
1470
1409
902
392
828
741
78
396
1571
1448
1530
161
116
279
777
1328
1972
544
1838
1598
1298
378
854
1588
567
1766
653
557
1343
549
1442
624
167
1690
1240
447
568
513
446
431
1347
1695
1073
1065
1069
1516
1520
464
1228
527
16
1140
786
1976
1297
582
1146
1332
1057
1501
1985
60
400
456
1464
95
68
1973
279
1218
398
242
1427
1029
1804
1666
1443
1416
1632
1570
799
1661
161
204
954
1168
672
1019
1586
1492
1454
1601
533
655
332
230
487
1737
243
1682
1249
1025
550
332
1276
1409
36
451
1806
1859
898
1486
1284
1716
1928
639
913
200
1819
733
1206
478
876
1794
371
1445
1326
498
236
1503
61
557
719
1797
1502
935
1301
572
1681
806
1288
1190
318
475
1620
1003
111
261
1104
554
1098
978
735
1531
1651
520
1138
1703
527
1699
1888
362
43
783
1257
1095
302
1561
1783
332
252
1457
38
1144
1805
1155
1686
379
333
694
1455
1869
1477
1363
4
1042
939
954
1962
395
1685
1858
1259
288
147
1120
918
1405
1678
1147
1178
1819
91
797
3
1153
21
1724
467
1243
1050
1225
917
1945
1748
1848
558
875
268
1778
533
187
74
888
1268
1643
1327
456
319
1842
1878
213
581
1937
1608
258
1077
810
848
1807
1891
307
318
951
234
1047
1312
1049
1812
1742
1694
870
1560
367
1412
1818
1316
259
437
1791
795
283
830
1166
960
436
1578
7
20
1402
1844
1076
1757
363
721
168
871
1598
623
1165
1055
132
1177
1919
782
1453
1405
803
370
1582
399
253
1011
466
143
1536
1461
78
840
1414
1545
1913
555
1394
505
1212
748
1444
1156
183
1514
1518
518
1380
1205
1045
956
895
1899
1578
1879
70
964
1545
1119
1358
1711
433
1865
1702
1836
117
924
1488
203
1443
1520
733
949
1315
600
1848
1338
546
306
1062
170
1408
333
765
1032
1302
90
1026
716
1340
1062
1319
1576
1626
599
693
301
797
452
198
1534
1789
522
887
1941
1821
44
571
1125
1810
1163
371
1457
1367
1719
1133
619
1952
500
763
1839
510
1809
1174
1760
467
261
1746
1875
1030
682
1043
203
1353
174
1408
709
1737
584
1256
1893
758
1240
1506
1120
1556
946
1465
156
1392
173
1208
1348
503
1815
1138
737
964
555
869
1494
200
1189
720
1082
943
1781
1810
299
1344
339
1429
1105
1653
866
1516
512
573
1335
152
659
606
1884
1761
325
430
1632
1123
961
708
130
1383
158
427
1342
84
259
951
519
1989
593
1658
1221
1388
672
185
240
1991
1818
1291
302
1283
56
1698
1514
206
1449
445
998
738
106
412
1506
846
3
1798
765
1687
1806
1192
506
1311
1837
1663
1863
52
492
1624
1435
1533
1589
549
446
1873
259
1123
350
104
1769
666
1743
1749
755
1445
610
1973
1229
674
873
1009
707
1531
201
1994
345
1383
993
38
140
1595
1466
357
904
693
1696
1098
396
1226
1857
22
1627
718
1187
855
1012
1220
10
945
100
1383
1338
1691
234
489
538
798
491
809
1290
889
712
1146
1990
1688
749
1569
1004
1830
43
1935
602
1681
968
961
1675
445
661
580
1684
796
1248
1757
857
1068
267
472
22
1793
1789
1902
1531
309
1448
141
1303
1597
1403
227
808
1870
1224
1066
1330
272
1800
491
1343
1841
1934
716
245
1869
1369
1595
1918
173
1742
1472
868
365
278
1662
443
1234
340
1563
1572
1932
1977
1985
879
713
1947
323
192
1067
1268
1907
1350
1754
1815
1171
1720
284
1528
507
496
1428
1740
1835
397
1673
1902
289
83
1225
1060
1053
678
1854
1185
1667
935
1247
1437
993
1214
650
1810
1314
344
897
968
1378
771
1474
83
995
1128
955
91
559
1336
958
365
255
1995
305
800
1835
68
1834
570
67
793
57
1364
254
1825
150
1931
16
1535
1836
505
1889
702
182
228
140
1373
570
1076
997
590
3
1275
1231
282
1891
128
253
1671
120
1276
1479
988
1422
617
1632
867
774
808
357
384
374
290
840
994
1696
1057
222
1512
1015
192
1621
934
1904
1536
1467
1768
630
1900
1771
518
1040
511
1705
616
550
1765
1776
1820
1506
608
649
1382
468
636
1023
999
1385
1428
1793
1921
428
614
1255
553
1533
1652
105
606
562
1885
973
282
235
1084
1743
1031
42
895
1221
1571
1875
634
1939
39
1008
1533
1581
244
392
564
1836
927
1409
269
1843
1503
1379
959
1330
436
191
1833
330
42
1888
633
1634
1839
1729
1006
89
881
255
1024
781
427
577
958
11
1362
1941
520
1144
1723
1484
1535
1984
783
169
1625
830
1457
1878
1946
1131
1055
1960
1631
1385
1208
835
1084
1618
686
801
1977
1229
571
383
872
1698
1928
1033
954
477
1916
1111
1235
1864
1266
1479
651
1492
590
1518
1638
1320
1681
25
1382
1742
1563
1513
560
473
561
974
61
1308
1823
403
913
375
1391
746
1585
1331
1979
905
1408
1249
1231
662
1403
1245
1315
1327
311
1961
1223
669
791
1719
351
1146
850
598
722
784
1907
546
1790
1236
1171
901
1374
1939
1733
1938
1871
1947
80
100
831
381
1779
1218
134
1058
275
469
90
556
1592
301
1278
974
281
129
794
318
981
438
1105
1642
1253
787
606
313
782
802
1041
1940
954
1192
1161
1380
1577
1577
1810
1550
596
1382
865
1356
1587
1208
1837
1469
1471
18
1809
1441
346
290
1423
381
910
1592
1991
582
484
394
1032
1356
1718
423
422
180
1895
922
893
875
785
354
773
1127
1710
1664
1318
1264
411
1872
1438
1328
1899
1068
1425
70
1880
301
1840
1537
655
1923
1341
1755
1740
343
1758
612
1891
895
192
33
802
1394
445
1397
1427
397
1265
1918
1382
885
1226
467
1134
13
814
1789
1882
1482
1106
1283
711
101
792
1930
1140
1553
648
1052
631
1102
306
1417
1358
398
386
540
1337
102
710
1920
806
135
1660
658
844
1405
319
1080
1084
823
612
466
132
1144
464
832
1719
845
284
1957
938
657
92
650
1311
1614
44
246
1335
1748
12
221
1860
1822
333
1478
189
419
924
1345
1334
667
1359
280
767
4
1694
1878
491
1059
964
326
772
1406
1429
749
1036
1945
1202
746
919
1503
1019
397
168
1732
1781
1350
1930
1577
940
1215
0
1408
522
1229
526
1600
1609
1106
1689
1227
1157
1703
924
702
1990
425
589
344
1357
817
416
1807
140
1256
571
304
411
474
1353
293
1864
1483
1362
1628
846
1895
154
1125
1594
1022
761
428
746
1713
252
1864
470
550
11
1187
1876
546
522
604
503
231
1123
329
503
1595
1651
560
55
635
916
728
1555
1872
1996
1739
1592
290
372
399
1945
986
1211
486
286
460
1788
434
0
1333
1229
1037
563
1985
329
1720
819
1536
545
1570
594
553
910
1996
976
832
1227
874
1036
805
1632
1228
682
1005
1089
126
1718
884
857
701
1912
354
129
1291
265
1342
1910
1509
916
897
890
1251
352
349
1737
1071
1613
525
622
1162
381
1086
1335
891
1526
1791
775
1849
229
1013
138
188
1669
402
414
750
1344
1287
33
1080
69
1127
837
1802
458
1294
75
1483
308
945
1487
274
645
584
560
948
917
1914
451
1455
612
199
1000
1446
734
508
573
1070
1793
1267
1617
936
1419
1449
908
625
1832
52
749
1110
1146
468
1029
1852
1561
1208
530
1614
1470
21
1438
248
1914
1955
1257
452
1212
553
1460
643
1395
890
496
239
289
399
1686
1390
417
1287
568
953
1786
940
519
270
1427
1800
1223
1922
906
1768
1120
1499
208
1792
1479
1998
1847
1423
1532
1828
191
1461
485
195
1869
290
587
1274
413
1520
322
1900
1290
595
63
1409
1563
592
294
329
656
1660
1714
754
1357
310
1144
764
1558
856
542
27
13
1674
615
1437
1991
280
626
1421
1813
502
485
1655
1666
672
596
1884
1544
278
615
104
1257
1512
1498
291
714
110
486
549
1906
1900
608
1070
948
692
368
949
1432
76
421
478
1633
1377
744
577
795
956
1886
1049
739
1716
1042
1946
652
1380
658
1591
